baselineInterDuplexCount 16 58
24 4
8 850

baselineIntraDuplexCount 1 0

baselineN 4938272320987759259249440
baselineO 0
baselineW 4938272320987759259249440
deltaN 22222224333358060104669810
deltaO 214573590
deltaW 22222224333360205840569810
interDuplexCount 1 21671491
2 5067795
3 1179365
4 277833
5 64361
6 17659
7 3237
8 1436
9 319
10 89
11 17
12 7
13 1
16 49
17 8
18 1
24 2
25 2

intraDuplexCount 1 42440
2 9411
3 1966
4 429
5 93
6 17
7 4
8 1

N 27160496654345819363919250
O 214573590
W 27160496654347965099819250
